13.060
12.903
12.751
12.603
12.459
12.318
12.181
12.048
11.918
11.791
11.667
11.546
11.428
11.313
11.200
11.090
10.982
10.877
10.774
10.673
10.574
10.478
10.383
10.290
10.199
10.110
10.023
9.938
9.854
9.771
9.690
9.611
9.533
9.457
9.382
9.308
9.235
9.164
9.094
9.026
8.958
8.892
8.826
8.762
8.698
8.636
8.575
8.515
8.456
8.397
8.340
8.283
8.227
8.172
8.118
8.064
8.012
7.960
7.909
7.859
7.809
7.760
7.712
7.664
7.617
7.570
7.525
7.480
7.435
7.391
7.348
7.305
7.263
7.221
7.180
7.139
7.099
7.059
7.020
6.981
6.943
6.905
6.867
6.830
6.793
6.757
6.721
6.686
6.651
6.617
6.583
6.549
6.516
6.483
