 6.483e+00 9.913e-01 9.940e-01 8.693e-03 6.038e-03
 6.516e+00 9.870e-01 9.909e-01 1.304e-02 9.118e-03
 6.549e+00 9.805e-01 9.863e-01 1.948e-02 1.370e-02
 6.583e+00 9.720e-01 9.802e-01 2.798e-02 1.983e-02
 6.617e+00 9.607e-01 9.720e-01 3.927e-02 2.801e-02
 6.651e+00 9.468e-01 9.618e-01 5.318e-02 3.823e-02
 6.686e+00 9.296e-01 9.490e-01 7.045e-02 5.098e-02
 6.721e+00 9.097e-01 9.341e-01 9.027e-02 6.587e-02
 6.757e+00 8.866e-01 9.167e-01 1.134e-01 8.332e-02
 6.793e+00 8.615e-01 8.972e-01 1.385e-01 1.028e-01
 6.830e+00 8.336e-01 8.757e-01 1.664e-01 1.243e-01
 6.867e+00 8.047e-01 8.530e-01 1.953e-01 1.470e-01
 6.905e+00 7.739e-01 8.287e-01 2.261e-01 1.713e-01
 6.943e+00 7.431e-01 8.037e-01 2.569e-01 1.963e-01
 6.981e+00 7.112e-01 7.779e-01 2.888e-01 2.221e-01
 7.020e+00 6.804e-01 7.523e-01 3.196e-01 2.477e-01
 7.059e+00 6.492e-01 7.265e-01 3.508e-01 2.735e-01
 7.099e+00 6.196e-01 7.012e-01 3.804e-01 2.988e-01
 7.139e+00 5.900e-01 6.759e-01 4.100e-01 3.241e-01
 7.180e+00 5.621e-01 6.515e-01 4.379e-01 3.485e-01
 7.221e+00 5.345e-01 6.274e-01 4.655e-01 3.726e-01
 7.263e+00 5.087e-01 6.039e-01 4.913e-01 3.961e-01
 7.305e+00 4.833e-01 5.810e-01 5.167e-01 4.190e-01
 7.348e+00 4.598e-01 5.591e-01 5.402e-01 4.409e-01
 7.391e+00 4.367e-01 5.378e-01 5.633e-01 4.622e-01
 7.435e+00 4.150e-01 5.168e-01 5.850e-01 4.832e-01
 7.480e+00 3.936e-01 4.963e-01 6.064e-01 5.037e-01
 7.525e+00 3.741e-01 4.769e-01 6.259e-01 5.231e-01
 7.570e+00 3.549e-01 4.582e-01 6.451e-01 5.418e-01
 7.617e+00 3.374e-01 4.401e-01 6.626e-01 5.599e-01
 7.664e+00 3.201e-01 4.227e-01 6.799e-01 5.773e-01
 7.712e+00 3.042e-01 4.058e-01 6.958e-01 5.942e-01
 7.760e+00 2.886e-01 3.896e-01 7.114e-01 6.104e-01
 7.809e+00 2.743e-01 3.739e-01 7.257e-01 6.261e-01
 7.859e+00 2.602e-01 3.588e-01 7.398e-01 6.412e-01
 7.909e+00 2.467e-01 3.436e-01 7.533e-01 6.564e-01
 7.960e+00 2.335e-01 3.290e-01 7.665e-01 6.710e-01
 8.012e+00 2.219e-01 3.154e-01 7.781e-01 6.846e-01
 8.064e+00 2.104e-01 3.024e-01 7.896e-01 6.976e-01
 8.118e+00 2.000e-01 2.898e-01 8.000e-01 7.102e-01
 8.172e+00 1.897e-01 2.779e-01 8.103e-01 7.221e-01
 8.227e+00 1.802e-01 2.660e-01 8.198e-01 7.340e-01
 8.283e+00 1.708e-01 2.547e-01 8.292e-01 7.453e-01
 8.340e+00 1.626e-01 2.441e-01 8.374e-01 7.559e-01
 8.397e+00 1.545e-01 2.342e-01 8.455e-01 7.658e-01
 8.456e+00 1.465e-01 2.235e-01 8.535e-01 7.765e-01
 8.515e+00 1.385e-01 2.135e-01 8.615e-01 7.865e-01
 8.575e+00 1.318e-01 2.043e-01 8.682e-01 7.957e-01
 8.636e+00 1.252e-01 1.957e-01 8.748e-01 8.043e-01
 8.698e+00 1.192e-01 1.873e-01 8.808e-01 8.127e-01
 8.762e+00 1.133e-01 1.794e-01 8.867e-01 8.206e-01
 8.826e+00 1.080e-01 1.716e-01 8.920e-01 8.284e-01
 8.892e+00 1.028e-01 1.644e-01 8.972e-01 8.356e-01
 8.958e+00 9.804e-02 1.573e-01 9.020e-01 8.427e-01
 9.026e+00 9.335e-02 1.507e-01 9.066e-01 8.493e-01
 9.094e+00 8.850e-02 1.433e-01 9.115e-01 8.567e-01
 9.164e+00 8.368e-02 1.365e-01 9.163e-01 8.635e-01
 9.235e+00 7.983e-02 1.304e-01 9.202e-01 8.696e-01
 9.308e+00 7.600e-02 1.247e-01 9.240e-01 8.753e-01
 9.382e+00 7.228e-02 1.187e-01 9.277e-01 8.813e-01
 9.457e+00 6.856e-02 1.132e-01 9.314e-01 8.868e-01
 9.533e+00 6.504e-02 1.075e-01 9.350e-01 8.925e-01
 9.611e+00 6.152e-02 1.023e-01 9.385e-01 8.977e-01
 9.690e+00 5.882e-02 9.763e-02 9.412e-01 9.024e-01
 9.771e+00 5.611e-02 9.341e-02 9.439e-01 9.066e-01
 9.854e+00 5.372e-02 8.918e-02 9.463e-01 9.108e-01
 9.938e+00 5.133e-02 8.536e-02 9.487e-01 9.146e-01
 1.002e+01 4.920e-02 8.151e-02 9.508e-01 9.185e-01
 1.011e+01 4.708e-02 7.806e-02 9.529e-01 9.219e-01
 1.020e+01 4.481e-02 7.405e-02 9.552e-01 9.260e-01
 1.029e+01 4.252e-02 7.043e-02 9.575e-01 9.296e-01
 1.038e+01 4.051e-02 6.683e-02 9.595e-01 9.332e-01
 1.048e+01 3.848e-02 6.359e-02 9.615e-01 9.364e-01
 1.057e+01 3.668e-02 6.030e-02 9.633e-01 9.397e-01
 1.067e+01 3.486e-02 5.735e-02 9.651e-01 9.427e-01
 1.077e+01 3.324e-02 5.435e-02 9.668e-01 9.457e-01
 1.088e+01 3.161e-02 5.169e-02 9.684e-01 9.483e-01
 1.098e+01 3.035e-02 4.922e-02 9.697e-01 9.508e-01
 1.109e+01 2.907e-02 4.707e-02 9.709e-01 9.529e-01
 1.120e+01 2.762e-02 4.435e-02 9.724e-01 9.557e-01
 1.131e+01 2.616e-02 4.192e-02 9.738e-01 9.581e-01
 1.143e+01 2.491e-02 3.958e-02 9.751e-01 9.604e-01
 1.155e+01 2.365e-02 3.753e-02 9.764e-01 9.625e-01
 1.167e+01 2.248e-02 3.555e-02 9.775e-01 9.645e-01
 1.179e+01 2.131e-02 3.383e-02 9.787e-01 9.662e-01
 1.192e+01 2.026e-02 3.203e-02 9.797e-01 9.680e-01
 1.205e+01 1.920e-02 3.047e-02 9.808e-01 9.695e-01
 1.218e+01 1.823e-02 2.884e-02 9.818e-01 9.712e-01
 1.232e+01 1.726e-02 2.746e-02 9.827e-01 9.725e-01
 1.246e+01 1.645e-02 2.606e-02 9.836e-01 9.739e-01
 1.260e+01 1.563e-02 2.490e-02 9.844e-01 9.751e-01
 1.275e+01 1.478e-02 2.341e-02 9.852e-01 9.766e-01
 1.290e+01 1.392e-02 2.213e-02 9.861e-01 9.779e-01
 1.306e+01 1.299e-02 2.057e-02 9.870e-01 9.794e-01
 1.322e+01 1.204e-02 1.922e-02 9.880e-01 9.808e-01
 1.339e+01 1.115e-02 1.773e-02 9.889e-01 9.823e-01
 1.356e+01 1.025e-02 1.643e-02 9.898e-01 9.836e-01
 1.373e+01 9.344e-03 1.498e-02 9.907e-01 9.850e-01
 1.391e+01 8.437e-03 1.371e-02 9.916e-01 9.863e-01
 1.410e+01 7.604e-03 1.235e-02 9.924e-01 9.877e-01
 1.429e+01 6.767e-03 1.115e-02 9.932e-01 9.889e-01
 1.449e+01 6.016e-03 9.900e-03 9.940e-01 9.901e-01
 1.470e+01 5.261e-03 8.788e-03 9.947e-01 9.912e-01
 1.491e+01 4.599e-03 7.664e-03 9.954e-01 9.923e-01
 1.513e+01 3.933e-03 6.656e-03 9.961e-01 9.933e-01
 1.536e+01 3.388e-03 5.715e-03 9.966e-01 9.943e-01
 1.560e+01 2.840e-03 4.868e-03 9.972e-01 9.951e-01
 1.584e+01 2.405e-03 4.103e-03 9.976e-01 9.959e-01
 1.609e+01 1.968e-03 3.411e-03 9.980e-01 9.966e-01
 1.636e+01 1.628e-03 2.806e-03 9.984e-01 9.972e-01
 1.663e+01 1.287e-03 2.257e-03 9.987e-01 9.977e-01
 1.692e+01 1.035e-03 1.803e-03 9.990e-01 9.982e-01
 1.722e+01 7.821e-04 1.389e-03 9.992e-01 9.986e-01
 1.752e+01 6.131e-04 1.081e-03 9.994e-01 9.989e-01
 1.785e+01 4.429e-04 7.984e-04 9.996e-01 9.992e-01
 1.819e+01 3.385e-04 6.037e-04 9.997e-01 9.994e-01
 1.854e+01 2.333e-04 4.256e-04 9.998e-01 9.996e-01
 1.891e+01 1.730e-04 3.115e-04 9.998e-01 9.997e-01
 1.930e+01 1.123e-04 2.071e-04 9.999e-01 9.998e-01
 1.970e+01 8.019e-05 1.456e-04 9.999e-01 9.999e-01
 2.013e+01 4.788e-05 8.938e-05 1.000e+00 9.999e-01
 2.059e+01 3.288e-05 6.027e-05 1.000e+00 9.999e-01
 2.106e+01 1.778e-05 3.361e-05 1.000e+00 1.000e+00
 2.157e+01 1.177e-05 2.177e-05 1.000e+00 1.000e+00
 2.210e+01 5.719e-06 1.095e-05 1.000e+00 1.000e+00
 2.267e+01 3.610e-06 6.734e-06 1.000e+00 1.000e+00
 2.327e+01 1.492e-06 2.894e-06 1.000e+00 1.000e+00
